1 0 0.3349609375 0.048828125 0.3349609375 0.0566406234375 0.2626953125 0.12890625 0.2548828125 0.1259765609375 0.201171875 0 0.2001953125 0 0.3349609375
1 0.107421875 0.1982421875 0.1162109375 0.1308593765625 0 0.1298828125 0.0009765609375 0.19921875 0.107421875 0.1982421875
1 1 0.2119140625 0.9619140625 0.2109374984375 0.953125 0.3212890625 0.9580078125 0.328125 1 0.3271484390625 1 0.2119140625
1 0.94140625 0.1767578125 0.94140625 0.2646484390625 0.953125 0.2666015609375 0.95703125 0.2138671875 0.9990234390625 0.2089843765625 0.9990234390625 0.171875 0.94140625 0.1767578125
1 0.4833984390625 0.234375 0.607421875 0.2333984390625 0.6191406234375 0.2314453125 0.6162109375 0.142578125 0.482421875 0.1455078125 0.4833984390625 0.234375
1 0.6875 0.3740234390625 0.3310546875 0.3671874984375 0.3203125015625 0.4072265609375 0.310546875 0.5830078125 0.357421875 0.5927734390625 0.6044921875 0.58203125 0.6533203125 0.5878906234375 0.67578125 0.5634765609375 0.6875 0.3740234390625
1 0.515625 0.2646484390625 0.5263671875 0.3652343765625 0.6884765609375 0.3671874984375 0.69140625 0.4130859375 0.7109374984375 0.4169921875 0.7490234390625 0.4160156234375 0.75390625 0.4091796875 0.7490234390625 0.267578125 0.515625 0.2646484390625
1 0.3378906234375 0.2685546875 0.0654296875 0.263671875 0.05859375 0.4248046875 0.0654296875 0.43359375 0.09375 0.4326171875 0.3134765609375 0.42578125 0.3222656234375 0.3681640625 0.3339843765625 0.3623046875 0.3378906234375 0.2685546875
1 0.341796875 0.2626953125 0.3427734390625 0.3339843765625 0.4589843765625 0.3349609375 0.4716796875 0.20703125 0.26171875 0.2080078125 0.2607421875 0.2578125015625 0.341796875 0.2626953125
1 0.1220703125 0.16015625 0.11328125 0.1689453125 0.11328125 0.1962890625 0.1308593765625 0.2041015609375 0.1318359375 0.2578125015625 0.251953125 0.2587890625 0.2597656234375 0.2060546875 0.2871093765625 0.2001953125 0.2861328125 0.1640625015625 0.1220703125 0.16015625
0 0.8037109375 0.171875 0.658203125 0.1728515609375 0.6591796875 0.2597656234375 0.7373046875 0.2597656234375 0.7607421875 0.2753906234375 0.796875 0.2763671875 0.8066406234375 0.2744140625 0.80859375 0.2626953125 0.810546875 0.1826171875 0.8037109375 0.171875
1 0.6962890625 0.171875 0.8056640625 0.171875 0.814453125 0.1787109375 0.8154296875 0.1464843765625 0.689453125 0.1474609375 0.689453125 0.1689453125 0.6962890625 0.171875