1 0.176993621875 0.1257802203125 0.054164171875 0.11305620000000001 0.024580917187500002 0.2476847046875 0.0722723203125 0.25223836875 0.0957664296875 0.1807748578125 0.16806468125000001 0.179709728125 0.176993621875 0.1257802203125
1 0.15951400468750002 0.121123121875 0.182890084375 0.05462853125 0.06959891406249999 0.042815240625 0.055332370312500004 0.1121717046875 0.15951400468750002 0.121123121875
1 0.9617868671875 0.330198596875 0.9807557953125 0.331551521875 0.9853215671875001 0.23352255937500002 0.958518328125 0.3229142484375 0.9617868671875 0.330198596875
1 0.9595059328125 0.26523837499999997 0.9705231265625001 0.2682823890625 0.9859144953125 0.215965965625 0.9861395171874999 0.21596082343749998 0.9879301109374999 0.177516065625 0.9787993609375001 0.177437175 0.9595059328125 0.26523837499999997
1 0.6401566125 0.20287311406250003 0.6520312921875 0.20201485468749997 0.6686776078125 0.11296486718750001 0.537360046875 0.10341453593750001 0.5188060765625 0.1922823765625 0.6401566125 0.20287311406250003
1 0.68750103125 0.350823040625 0.34085438125 0.31075231406250003 0.32157304531249997 0.34974883125 0.2734479078125 0.5244404984375 0.317087940625 0.5385677046875 0.56076453125 0.5508779828125 0.6071697078125 0.5612850578125 0.6344670390625 0.5389905203125 0.68750103125 0.350823040625
1 0.5436368875 0.2255304328125 0.532048740625 0.32701583125 0.6899554578125 0.34408512812500003 0.6827414875 0.3902100890625 0.7009605609375 0.395933828125 0.73837423125 0.398510115625 0.7446439703125 0.3921365015625 0.7709586875000001 0.2502236484375 0.5436368875 0.2255304328125
1 0.36918268906249996 0.21285737187499998 0.1041365125 0.1825700859375 0.0620884296875 0.3429014375 0.066835884375 0.3523190703125 0.0947112703125 0.353984625 0.3108231875 0.367647128125 0.33205555468750003 0.3109082234375 0.34478772343749997 0.30614769062499997 0.36918268906249996 0.21285737187499998
1 0.308075128125 0.1452683859375 0.29618835625 0.1949313265625 0.37428423125 0.2073682515625 0.359588946875 0.2786758546875 0.4728801171875 0.290489140625 0.5133625375 0.1638735703125 0.308075128125 0.1452683859375
1 0.33458963124999996 0.13983174062499998 0.34156754375 0.10364462031249999 0.1821819109375 0.084442034375 0.171668115625 0.09240249375000001 0.1656657171875 0.11971842343750001 0.1811196515625 0.1291622921875 0.17028305 0.18290965625 0.28738953437500003 0.1950872359375 0.3065962125 0.1431351015625 0.33458963124999996 0.13983174062499998
0 0.83021405625 0.2509012734375 0.8497001687499999 0.1710867703125 0.8453814578125 0.159718 0.7030467015624999 0.1471236515625 0.6849214734375 0.2340403546875 0.7612277203125 0.241326215625 0.7806896515624999 0.2591210765625 0.8157669203125 0.2634663578125 0.825733940625 0.2624259515625 0.83021405625 0.2509012734375
1 0.7391428578125 0.12467320625 0.7344266859374999 0.14613572187499999 0.74046036875 0.149699940625 0.8472891140625001 0.1599001484375 0.8543729671875001 0.16754878906249998 0.8624010515625 0.135446090625 0.7391428578125 0.12467320625