1 0 0.4506102671875 0.009238390624999999 0.4478427921875 0.0014314359375 0.376352703125 0.0703897109375 0.3477138984375 0.056048978125 0.29713711875 0 0.31347388125000003 0 0.4506102671875
1 0 0.3112925578125 0.037288792187499996 0.299763909375 0.0314796734375 0.23266377500000002 0 0.2418178890625 0 0.3112925578125
1 0.875126709375 0.0617489671875 0.8901177859375 0.16999671562500002 0.89635069375 0.17511337031250002 0.9371824453125001 0.1618840234375 0.9125581078125 0.051533609375 0.875126709375 0.0617489671875
1 0.9109776390625001 0.049014003125 0.903047765625 0.013477428125 0.8477798796875 0.035022046875000004 0.866561153125 0.1191876171875 0.8784316578125001 0.11762702656249999 0.870980609375 0.06598404375 0.9109776390625001 0.049014003125
1 0.5334687703125 0.18704366875 0.54450455 0.1817423890625 0.522651309375 0.09749938124999999 0.392520628125 0.139474715625 0.41246501406249997 0.2242895453125 0.5334687703125 0.18704366875
1 0.641781959375 0.29826387187500003 0.2919547359375 0.3960751984375 0.2900119375 0.4375623125 0.31803020000000004 0.6087525625 0.3659295828125 0.6043805625 0.605104540625 0.52175815625 0.654078059375 0.5130736390624999 0.670812896875 0.483118359375 0.641781959375 0.29826387187500003
1 0.45043026406250003 0.2438448453125 0.4824231046875 0.3370226421875 0.6412756203125001 0.291431746875 0.6539469062500001 0.33452714375000003 0.6738702 0.33254961562499996 0.710884240625 0.3204639078125 0.714195615625 0.31248814375 0.679164753125 0.17831761562499998 0.45043026406250003 0.2438448453125
1 0.277558971875 0.2996213515625 0.010229974999999999 0.3747146765625 0.037981312499999996 0.531019596875 0.046540442187499996 0.537434775 0.074010190625 0.52820818125 0.28729587031250003 0.45733197968750006 0.2835735578125 0.3995835734375 0.2937746203125 0.3905416015625 0.277558971875 0.2996213515625
1 0.190175328125 0.26394168906250004 0.1998636203125 0.31192142500000003 0.280124603125 0.2928666703125 0.29631273281250003 0.36084838750000003 0.41009842343749997 0.3277601390625 0.39516880625 0.2015356359375 0.190175328125 0.26394168906250004
1 0.2133210265625 0.24902661875 0.20464540625 0.2147111296875 0.0434666703125 0.259003496875 0.036754939062500006 0.269993253125 0.0425980015625 0.29617809687499996 0.061447165625 0.2985130796875 0.0738790390625 0.3496616859375 0.19148244375 0.3154297953125 0.1878491078125 0.262643165625 0.2133210265625 0.24902661875
0 0.7363414953125 0.156201175 0.721138525 0.07894516875 0.7121620359375 0.07065964375 0.570160846875 0.1141955640625 0.58968786875 0.19714004999999998 0.6660421624999999 0.17426716250000002 0.69228734375 0.18236806562500002 0.7278098843749999 0.17272452968750002 0.7369368078125 0.167995075 0.7363414953125 0.156201175
1 0.5952768625 0.0807319140625 0.599867840625 0.1013057203125 0.607174884375 0.1021098609375 0.7140708921875001 0.070087821875 0.724121515625 0.0740608328125 0.7181894765625 0.0429142140625 0.5952768625 0.0807319140625