1 0.09277343906249999 0.515625 0.07031249843750001 0.7919921859375 0.08300781406249999 0.8105468734375 0.1640624984375 0.8134765609375 0.5341796875 0.806640625 0.55859375 0.7685546875 0.578125 0.5205078140625 0.09277343906249999 0.515625
1 0.3525390625 0.5078124984375 0.5732421859375 0.5136718734375 0.58203125 0.5185546875 0.5800781265625 0.5771484390625 0.6074218734375 0.5791015609375 0.6640624984375 0.5712890625 0.6611328140625 0.37109375 0.34375 0.3740234390625 0.3525390625 0.5078124984375
1 0.109375 0.3740234390625 0.1123046875 0.4707031265625 0.2675781265625 0.4697265609375 0.2822265609375 0.2988281265625 0.009765625 0.3017578140625 0.010742185937499999 0.369140625 0.109375 0.3740234390625
1 0.296875 0.3310546875 0.3144531265625 0.3349609375 0.4794921859375 0.333984375 0.4824218734375 0.2158203125 0.3017578140625 0.212890625 0.296875 0.3310546875
1 0.96484375 0.5146484390625 0.95703125 0.7705078140625 0.97265625 0.7822265609375 1 0.7783203125 0.9990234390625 0.5019531265625 0.9716796875 0.5019531265625 0.96484375 0.5146484390625
1 1 0.3037109375 0.9423828140625 0.302734375 0.931640625 0.4521484390625 1 0.4580078140625 1 0.3037109375
1 0.916015625 0.2548828140625 0.916015625 0.3701171859375 0.9296875015625 0.3818359375 0.9375 0.3056640625 0.9990234390625 0.30078125 0.9990234390625 0.2519531265625 0.916015625 0.2548828140625
1 0 0.5927734390625 0.033203126562500004 0.5927734390625 0.07324218593750001 0.5917968734375 0.078125 0.5830078140625 0.08203125 0.5224609375 0.099609375 0.5068359375 0.09863281406249999 0.38671875 0 0.3857421859375 0 0.5927734390625
1 0.0019531265625 0.2978515609375 0.039062498437499996 0.2900390625 0.036132814062500004 0.240234375 0 0.2412109375 0.0019531265625 0.2978515609375
0 0.6669921859375 0.365234375 0.6767578140625 0.390625 0.7324218734375 0.3896484390625 0.7333984390625 0.25390625 0.53515625 0.2548828140625 0.5361328140625 0.3671875015625 0.6669921859375 0.365234375
1 0.7314453125 0.2519531265625 0.74609375 0.2724609375 0.7431640625 0.2167968734375 0.578125 0.2177734390625 0.5810546875 0.25 0.7314453125 0.2519531265625