1 0.3037109375 0.647600834375 0.3076171875 0.63890820625 0.3271484375 0.6345618921875 0.3310546875 0.6258692625 0.3408203125 0.6258692625 0.341796875 0.47157510468749997 0.33984375 0.467228790625 0.33984375 0.4281119609375 0.3193359375 0.42593880312500004 0.3115234375 0.43463143281249994 0.2412109375 0.4433240609375 0.2392578125 0.44767037500000006 0.2021484375 0.452016690625 0.2001953125 0.45636300468749996 0.1826171875 0.45636300468749996 0.1787109375 0.46070931875000004 0.177734375 0.484614046875 0.1796875 0.48896036093750006 0.1796875 0.5541550765625 0.181640625 0.558501390625 0.18359375 0.6454276765625 0.1875 0.662812934375 0.1875 0.68454450625 0.1904296875 0.691063978125 0.193359375 0.6888908203125 0.2705078125 0.6519471484375 0.2802734375 0.6562934625 0.2822265625 0.6519471484375 0.3037109375 0.647600834375
1 0.3466796875 0.43463143281249994 0.349609375 0.423765646875 0.349609375 0.40638038906249996 0.34765625 0.402034075 0.34765625 0.3151077890625 0.345703125 0.306415159375 0.3232421875 0.304242003125 0.3212890625 0.3085883171875 0.2529296875 0.31293463125 0.25 0.319454103125 0.25 0.3455319890625 0.251953125 0.349878303125 0.25390625 0.432458275 0.2568359375 0.438977746875 0.265625 0.43680458906249997 0.3095703125 0.43028511875 0.3291015625 0.42159248906249996 0.3388671875 0.42159248906249996 0.3466796875 0.43463143281249994
0 0.5126953125 0.5476356046874999 0.5224609375 0.5476356046874999 0.53515625 0.5324235046875 0.53515625 0.3846488171875 0.5322265625 0.378129346875 0.4541015625 0.395514603125 0.443359375 0.402034075 0.443359375 0.5541550765625 0.4453125 0.5758866484375 0.44921875 0.5802329625 0.4716796875 0.573713490625 0.4794921875 0.5606745484375 0.4912109375 0.5606745484375 0.5126953125 0.5476356046874999
0 0.625 0.2846835890625 0.6220703125 0.273817803125 0.6162109375 0.2781641171875 0.5869140625 0.2781641171875 0.583984375 0.2846835890625 0.580078125 0.371609875 0.59375 0.371609875 0.6123046875 0.36943671718750004 0.62109375 0.36291724687500004 0.623046875 0.289029903125 0.625 0.2846835890625
0 0.109375 0.528077190625 0.107421875 0.50634561875 0.1103515625 0.499826146875 0.1279296875 0.499826146875 0.1298828125 0.4954798328125 0.1591796875 0.49113351875 0.169921875 0.484614046875 0.169921875 0.43680458906249997 0.16796875 0.432458275 0.16796875 0.3889951328125 0.166015625 0.3846488171875 0.166015625 0.3368393609375 0.1640625 0.32814673125 0.1611328125 0.321627259375 0.1591796875 0.325973575 0.0224609375 0.334666203125 0.01953125 0.341185675 0.01953125 0.35857093125 0.021484375 0.36291724687500004 0.0234375 0.43680458906249997 0.025390625 0.44115090468749996 0.029296875 0.515038246875 0.0361328125 0.52155771875 0.0380859375 0.5172114046875 0.0556640625 0.5172114046875 0.0712890625 0.5085187765625 0.0908203125 0.5085187765625 0.091796875 0.5324235046875 0.0732421875 0.543289290625 0.0703125 0.5498087625 0.072265625 0.5628477046875 0.0771484375 0.5693671765625 0.109375 0.56719401875 0.1259765625 0.5606745484375 0.130859375 0.5498087625 0.1279296875 0.5345966625 0.109375 0.528077190625
0 0.693359375 0.4802677328125 0.7001953125 0.46070931875000004 0.71875 0.44115090468749996 0.71875 0.41072670312500004 0.720703125 0.40638038906249996 0.7197265625 0.3303198890625 0.677734375 0.3455319890625 0.67578125 0.4498435328125 0.677734375 0.467228790625 0.68359375 0.47592141874999994 0.677734375 0.49765299062499996 0.6806640625 0.5041724624999999 0.6923828125 0.5041724624999999 0.6943359375 0.5085187765625 0.708984375 0.50634561875 0.7080078125 0.49113351875 0.7041015625 0.48678720468750003 0.6962890625 0.49113351875 0.693359375 0.4802677328125
0 0.6884765625 0.93880389375 0.703125 0.9105528515625 0.703125 0.6193497906250001 0.6982421875 0.60848400625 0.6259765625 0.6649860921874999 0.6064453125 0.6867176640625 0.5712890625 0.7127955499999999 0.55078125 0.736700278125 0.552734375 0.9931328234375 0.5556640625 0.9996522953125 0.63671875 0.9974791375000001 0.6474609375 0.9953059812499999 0.6591796875 0.9822670375 0.6708984375 0.960535465625 0.6884765625 0.93880389375
1 0.763671875 0.41941933281250005 0.7705078125 0.41289986093750003 0.7822265625 0.41289986093750003 0.787109375 0.39768776093749997 0.78515625 0.393341446875 0.7841796875 0.31293463125 0.7607421875 0.31293463125 0.7587890625 0.3172809453125 0.7490234375 0.3172809453125 0.74609375 0.3238004171875 0.74609375 0.39768776093749997 0.748046875 0.41941933281250005 0.751953125 0.423765646875 0.751953125 0.44115090468749996 0.744140625 0.44549721875000003 0.7548828125 0.45636300468749996 0.76953125 0.4585361609375 0.7744140625 0.45636300468749996 0.775390625 0.4498435328125 0.76171875 0.43680458906249997 0.763671875 0.41941933281250005
1 0.560546875 0.2846835890625 0.5107421875 0.2868567453125 0.509765625 0.371609875 0.5146484375 0.3824756609375 0.5341796875 0.3824756609375 0.537109375 0.40638038906249996 0.53515625 0.423765646875 0.546875 0.423765646875 0.544921875 0.3889951328125 0.5478515625 0.3824756609375 0.560546875 0.38030250312499997 0.560546875 0.2846835890625
1 0.828125 0.693237134375 0.828125 0.662812934375 0.83203125 0.6367350484375 0.833984375 0.56719401875 0.837890625 0.5324235046875 0.8369140625 0.5085187765625 0.8291015625 0.5085187765625 0.8017578125 0.5389429765625 0.7783203125 0.556328234375 0.765625 0.5758866484375 0.7578125 0.662812934375 0.75390625 0.780163421875 0.75 0.797548678125 0.75 0.8279728796875 0.7529296875 0.83449235 0.763671875 0.8323191937500001 0.7705078125 0.8257997218750001 0.7861328125 0.7866828921875 0.82421875 0.72800765 0.828125 0.693237134375
1 0.857421875 0.38030250312499997 0.857421875 0.306415159375 0.8427734375 0.304242003125 0.833984375 0.310761475 0.833984375 0.39768776093749997 0.8271484375 0.40420723281250004 0.826171875 0.41507301874999997 0.8369140625 0.42159248906249996 0.8515625 0.41941933281250005 0.8486328125 0.408553546875 0.8427734375 0.408553546875 0.841796875 0.39768776093749997 0.857421875 0.38030250312499997